Germany, Death rates (period 5x1), 	Last modified: 17 Dec 2018;  Methods Protocol: v6 (2017)

  Year          Age             Female            Male           Total
  1990           0             0.006102        0.008085        0.007119
  1990         1-4             0.000377        0.000469        0.000424
  1990         5-9             0.000196        0.000243        0.000220
  1990        10-14            0.000166        0.000245        0.000207
  1990        15-19            0.000324        0.000819        0.000578
  1990        20-24            0.000404        0.001096        0.000758
  1990        25-29            0.000434        0.001132        0.000794
  1990        30-34            0.000626        0.001469        0.001060
  1990        35-39            0.001037        0.002031        0.001541
  1990        40-44            0.001519        0.002829        0.002188
  1990        45-49            0.002422        0.004766        0.003617
  1990        50-54            0.003507        0.007569        0.005564
  1990        55-59            0.005715        0.012589        0.009136
  1990        60-64            0.009207        0.019621        0.014016
  1990        65-69            0.015276        0.030905        0.021195
  1990        70-74            0.025582        0.047965        0.033480
  1990        75-79            0.048062        0.080141        0.058473
  1990        80-84            0.087362        0.131275        0.100188
  1990        85-89            0.154254        0.204725        0.167580
  1990        90-94            0.253110        0.302528        0.263584
  1990        95-99            0.366215        0.426823        0.377261
  1990       100-104           0.539540        0.706903        0.570345
  1990       105-109           0.692308        0.736842        0.700000
  1990       110+              6.000000        6.000000        6.000000
  1991           0             0.005690        0.007275        0.006503
  1991         1-4             0.000352        0.000449        0.000402
  1991         5-9             0.000171        0.000219        0.000195
  1991        10-14            0.000152        0.000209        0.000181
  1991        15-19            0.000345        0.000835        0.000596
  1991        20-24            0.000368        0.001137        0.000761
  1991        25-29            0.000434        0.001208        0.000834
  1991        30-34            0.000659        0.001511        0.001097
  1991        35-39            0.001001        0.002121        0.001572
  1991        40-44            0.001508        0.002991        0.002264
  1991        45-49            0.002449        0.004793        0.003643
  1991        50-54            0.003567        0.007462        0.005539
  1991        55-59            0.005477        0.012089        0.008772
  1991        60-64            0.009070        0.019746        0.014115
  1991        65-69            0.014898        0.029770        0.020648
  1991        70-74            0.024729        0.046148        0.032294
  1991        75-79            0.046875        0.078916        0.057208
  1991        80-84            0.084898        0.127889        0.097310
  1991        85-89            0.149443        0.201921        0.163167
  1991        90-94            0.241955        0.296514        0.253637
  1991        95-99            0.361739        0.408775        0.369943
  1991       100-104           0.524903        0.689704        0.552773
  1991       105-109           0.592593        0.530973        0.582353
  1991       110+              0.000000              .        0.000000
  1992           0             0.005364        0.006788        0.006094
  1992         1-4             0.000305        0.000389        0.000348
  1992         5-9             0.000156        0.000198        0.000178
  1992        10-14            0.000144        0.000196        0.000171
  1992        15-19            0.000319        0.000767        0.000549
  1992        20-24            0.000373        0.001094        0.000743
  1992        25-29            0.000435        0.001132        0.000796
  1992        30-34            0.000603        0.001473        0.001052
  1992        35-39            0.000963        0.002068        0.001528
  1992        40-44            0.001511        0.002972        0.002255
  1992        45-49            0.002378        0.004577        0.003498
  1992        50-54            0.003375        0.007265        0.005345
  1992        55-59            0.005324        0.011744        0.008526
  1992        60-64            0.008689        0.019385        0.013816
  1992        65-69            0.014182        0.028596        0.019919
  1992        70-74            0.023755        0.044970        0.031254
  1992        75-79            0.045395        0.076775        0.055459
  1992        80-84            0.080592        0.121296        0.092287
  1992        85-89            0.142348        0.190688        0.154813
  1992        90-94            0.234436        0.288359        0.246052
  1992        95-99            0.345311        0.393504        0.353539
  1992       100-104           0.478395        0.560327        0.491399
  1992       105-109           0.594958        1.117647        0.671449
  1992       110+              1.384615              .        1.384615
  1993           0             0.005036        0.006497        0.005785
  1993         1-4             0.000297        0.000369        0.000334
  1993         5-9             0.000142        0.000196        0.000169
  1993        10-14            0.000149        0.000207        0.000178
  1993        15-19            0.000327        0.000753        0.000546
  1993        20-24            0.000336        0.001065        0.000711
  1993        25-29            0.000412        0.001035        0.000735
  1993        30-34            0.000618        0.001386        0.001015
  1993        35-39            0.000933        0.002034        0.001498
  1993        40-44            0.001563        0.002917        0.002251
  1993        45-49            0.002364        0.004562        0.003482
  1993        50-54            0.003466        0.007252        0.005382
  1993        55-59            0.005184        0.011480        0.008325
  1993        60-64            0.008646        0.019337        0.013803
  1993        65-69            0.013937        0.028775        0.020074
  1993        70-74            0.024393        0.045999        0.032024
  1993        75-79            0.045557        0.076599        0.055482
  1993        80-84            0.079795        0.121449        0.091728
  1993        85-89            0.141927        0.194816        0.155368
  1993        90-94            0.237859        0.296984        0.250611
  1993        95-99            0.355932        0.409779        0.364982
  1993       100-104           0.507639        0.615238        0.524552
  1993       105-109           0.704132        0.923077        0.732759
  1993       110+              2.000000              .        2.000000
  1994           0             0.004879        0.006110        0.005511
  1994         1-4             0.000310        0.000354        0.000333
  1994         5-9             0.000133        0.000183        0.000159
  1994        10-14            0.000136        0.000190        0.000164
  1994        15-19            0.000319        0.000779        0.000555
  1994        20-24            0.000340        0.001030        0.000694
  1994        25-29            0.000371        0.001027        0.000711
  1994        30-34            0.000588        0.001376        0.000995
  1994        35-39            0.000893        0.002005        0.001464
  1994        40-44            0.001476        0.002994        0.002246
  1994        45-49            0.002274        0.004422        0.003366
  1994        50-54            0.003457        0.007107        0.005303
  1994        55-59            0.005023        0.011168        0.008088
  1994        60-64            0.008368        0.018560        0.013301
  1994        65-69            0.013584        0.028310        0.019924
  1994        70-74            0.024225        0.045520        0.031743
  1994        75-79            0.042701        0.071244        0.051860
  1994        80-84            0.077356        0.117587        0.088844
  1994        85-89            0.139399        0.189770        0.151985
  1994        90-94            0.232465        0.287832        0.244383
  1994        95-99            0.349604        0.401426        0.358295
  1994       100-104           0.501623        0.615875        0.518203
  1994       105-109           0.657391        0.545455        0.640950
  1994       110+              1.333333              .        1.333333
  1995           0             0.004654        0.005926        0.005307
  1995         1-4             0.000262        0.000351        0.000308
  1995         5-9             0.000146        0.000164        0.000155
  1995        10-14            0.000129        0.000180        0.000155
  1995        15-19            0.000331        0.000762        0.000552
  1995        20-24            0.000355        0.001027        0.000699
  1995        25-29            0.000379        0.000999        0.000700
  1995        30-34            0.000561        0.001275        0.000930
  1995        35-39            0.000889        0.001945        0.001432
  1995        40-44            0.001482        0.002965        0.002234
  1995        45-49            0.002194        0.004283        0.003255
  1995        50-54            0.003434        0.006957        0.005213
  1995        55-59            0.004907        0.010835        0.007864
  1995        60-64            0.008095        0.017991        0.012900
  1995        65-69            0.013390        0.028385        0.020057
  1995        70-74            0.023354        0.044634        0.030945
  1995        75-79            0.040731        0.069886        0.050154
  1995        80-84            0.076648        0.118068        0.088419
  1995        85-89            0.137008        0.186860        0.149279
  1995        90-94            0.229639        0.292086        0.243052
  1995        95-99            0.351429        0.412505        0.361704
  1995       100-104           0.497336        0.600561        0.511416
  1995       105-109           0.511502        0.513158        0.511785
  1995       110+              0.300000              .        0.300000
  1996           0             0.004469        0.005694        0.005098
  1996         1-4             0.000252        0.000288        0.000270
  1996         5-9             0.000112        0.000153        0.000133
  1996        10-14            0.000121        0.000178        0.000150
  1996        15-19            0.000311        0.000723        0.000522
  1996        20-24            0.000348        0.001016        0.000689
  1996        25-29            0.000377        0.000987        0.000691
  1996        30-34            0.000527        0.001246        0.000899
  1996        35-39            0.000889        0.001787        0.001350
  1996        40-44            0.001440        0.002826        0.002144
  1996        45-49            0.002249        0.004233        0.003254
  1996        50-54            0.003416        0.006930        0.005188
  1996        55-59            0.004763        0.010493        0.007622
  1996        60-64            0.007827        0.017376        0.012474
  1996        65-69            0.013260        0.027970        0.019954
  1996        70-74            0.022811        0.043118        0.030222
  1996        75-79            0.039322        0.067604        0.048494
  1996        80-84            0.076881        0.117921        0.088475
  1996        85-89            0.136422        0.186684        0.148666
  1996        90-94            0.231161        0.288150        0.243250
  1996        95-99            0.350056        0.410582        0.360246
  1996       100-104           0.509569        0.581084        0.519043
  1996       105-109           0.550000        0.395604        0.525394
  1996       110+              1.578947              .        1.578947
  1997           0             0.004267        0.005402        0.004850
  1997         1-4             0.000254        0.000315        0.000285
  1997         5-9             0.000106        0.000156        0.000131
  1997        10-14            0.000114        0.000160        0.000138
  1997        15-19            0.000290        0.000751        0.000526
  1997        20-24            0.000310        0.000960        0.000641
  1997        25-29            0.000346        0.000930        0.000646
  1997        30-34            0.000499        0.001138        0.000829
  1997        35-39            0.000837        0.001687        0.001273
  1997        40-44            0.001408        0.002713        0.002071
  1997        45-49            0.002174        0.004170        0.003183
  1997        50-54            0.003313        0.006628        0.004983
  1997        55-59            0.004674        0.010078        0.007370
  1997        60-64            0.007469        0.016419        0.011831
  1997        65-69            0.012604        0.027204        0.019347
  1997        70-74            0.021821        0.041053        0.029063
  1997        75-79            0.037975        0.065406        0.046891
  1997        80-84            0.075564        0.114440        0.086501
  1997        85-89            0.130129        0.179074        0.142030
  1997        90-94            0.222093        0.280841        0.234346
  1997        95-99            0.343949        0.417036        0.356245
  1997       100-104           0.516760        0.575160        0.524343
  1997       105-109           0.493384        0.328358        0.467037
  1997       110+              3.000000              .        3.000000
  1998           0             0.004076        0.005116        0.004610
  1998         1-4             0.000249        0.000286        0.000268
  1998         5-9             0.000097        0.000132        0.000115
  1998        10-14            0.000116        0.000174        0.000146
  1998        15-19            0.000295        0.000660        0.000482
  1998        20-24            0.000307        0.000925        0.000621
  1998        25-29            0.000345        0.000845        0.000601
  1998        30-34            0.000448        0.001027        0.000746
  1998        35-39            0.000778        0.001547        0.001172
  1998        40-44            0.001328        0.002634        0.001993
  1998        45-49            0.002134        0.004039        0.003094
  1998        50-54            0.003164        0.006253        0.004719
  1998        55-59            0.004609        0.009841        0.007219
  1998        60-64            0.007190        0.015730        0.011358
  1998        65-69            0.012283        0.026289        0.018799
  1998        70-74            0.021198        0.039904        0.028535
  1998        75-79            0.037954        0.065006        0.046748
  1998        80-84            0.074247        0.112377        0.084973
  1998        85-89            0.128803        0.177044        0.140526
  1998        90-94            0.220043        0.281488        0.232633
  1998        95-99            0.340915        0.404145        0.351473
  1998       100-104           0.500338        0.586987        0.511439
  1998       105-109           0.654368        0.826347        0.677364
  1998       110+                    .        1.500000        1.500000
  1999           0             0.004003        0.004946        0.004487
  1999         1-4             0.000219        0.000288        0.000255
  1999         5-9             0.000112        0.000146        0.000129
  1999        10-14            0.000113        0.000173        0.000144
  1999        15-19            0.000301        0.000686        0.000498
  1999        20-24            0.000309        0.000961        0.000640
  1999        25-29            0.000340        0.000870        0.000611
  1999        30-34            0.000449        0.000967        0.000715
  1999        35-39            0.000759        0.001514        0.001146
  1999        40-44            0.001314        0.002526        0.001932
  1999        45-49            0.002070        0.003999        0.003040
  1999        50-54            0.003137        0.006082        0.004619
  1999        55-59            0.004579        0.009528        0.007048
  1999        60-64            0.006946        0.015108        0.010932
  1999        65-69            0.011846        0.025284        0.018129
  1999        70-74            0.020469        0.039108        0.028096
  1999        75-79            0.037997        0.064676        0.046676
  1999        80-84            0.070437        0.106813        0.080757
  1999        85-89            0.126789        0.172814        0.137955
  1999        90-94            0.218188        0.278138        0.230288
  1999        95-99            0.344687        0.417822        0.356775
  1999       100-104           0.471452        0.585445        0.485600
  1999       105-109           0.839361        0.646154        0.816423
  1999       110+              0.000000        2.400000        0.857143
  2000           0             0.003859        0.004853        0.004370
  2000         1-4             0.000213        0.000268        0.000241
  2000         5-9             0.000098        0.000132        0.000115
  2000        10-14            0.000112        0.000149        0.000131
  2000        15-19            0.000280        0.000630        0.000459
  2000        20-24            0.000320        0.000931        0.000630
  2000        25-29            0.000324        0.000851        0.000592
  2000        30-34            0.000449        0.000979        0.000721
  2000        35-39            0.000738        0.001439        0.001097
  2000        40-44            0.001272        0.002499        0.001898
  2000        45-49            0.002050        0.004004        0.003032
  2000        50-54            0.003090        0.005960        0.004533
  2000        55-59            0.004568        0.009515        0.007034
  2000        60-64            0.006771        0.014635        0.010615
  2000        65-69            0.011363        0.024272        0.017429
  2000        70-74            0.019830        0.038361        0.027676
  2000        75-79            0.036312        0.061472        0.044606
  2000        80-84            0.065949        0.100836        0.075973
  2000        85-89            0.125904        0.172505        0.137180
  2000        90-94            0.213210        0.272188        0.224965
  2000        95-99            0.334156        0.408219        0.346308
  2000       100-104           0.476878        0.600792        0.491567
  2000       105-109           0.593831        0.645570        0.600951
  2000       110+              0.600000              .        0.600000
  2001           0             0.003692        0.004710        0.004215
  2001         1-4             0.000224        0.000279        0.000253
  2001         5-9             0.000098        0.000123        0.000111
  2001        10-14            0.000115        0.000161        0.000139
  2001        15-19            0.000271        0.000593        0.000436
  2001        20-24            0.000288        0.000865        0.000580
  2001        25-29            0.000304        0.000767        0.000539
  2001        30-34            0.000385        0.000917        0.000657
  2001        35-39            0.000737        0.001390        0.001072
  2001        40-44            0.001213        0.002341        0.001788
  2001        45-49            0.002024        0.003926        0.002981
  2001        50-54            0.003079        0.005840        0.004464
  2001        55-59            0.004537        0.009421        0.006970
  2001        60-64            0.006533        0.014137        0.010255
  2001        65-69            0.010907        0.022768        0.016504
  2001        70-74            0.019153        0.037289        0.027023
  2001        75-79            0.035049        0.058930        0.043142
  2001        80-84            0.062928        0.095795        0.072446
  2001        85-89            0.124155        0.168976        0.134967
  2001        90-94            0.211575        0.263222        0.221813
  2001        95-99            0.331129        0.409389        0.343820
  2001       100-104           0.479585        0.617455        0.495208
  2001       105-109           0.706877        0.766026        0.713544
  2001       110+              0.272727        0.000000        0.214286
  2002           0             0.003868        0.004475        0.004180
  2002         1-4             0.000235        0.000226        0.000230
  2002         5-9             0.000093        0.000114        0.000104
  2002        10-14            0.000103        0.000145        0.000125
  2002        15-19            0.000250        0.000603        0.000431
  2002        20-24            0.000290        0.000828        0.000562
  2002        25-29            0.000295        0.000742        0.000521
  2002        30-34            0.000404        0.000879        0.000646
  2002        35-39            0.000669        0.001335        0.001010
  2002        40-44            0.001207        0.002294        0.001761
  2002        45-49            0.002042        0.003923        0.002989
  2002        50-54            0.003074        0.005947        0.004512
  2002        55-59            0.004517        0.009200        0.006848
  2002        60-64            0.006487        0.013904        0.010120
  2002        65-69            0.010679        0.022233        0.016148
  2002        70-74            0.019119        0.037150        0.027069
  2002        75-79            0.034671        0.057611        0.042730
  2002        80-84            0.063888        0.096160        0.073287
  2002        85-89            0.128157        0.172571        0.138864
  2002        90-94            0.214924        0.267332        0.225368
  2002        95-99            0.343489        0.402986        0.353016
  2002       100-104           0.502436        0.574709        0.510609
  2002       105-109           0.578294        0.582888        0.578746
  2002       110+              0.782609        0.000000        0.514286
  2003           0             0.003723        0.004653        0.004200
  2003         1-4             0.000202        0.000242        0.000223
  2003         5-9             0.000104        0.000135        0.000120
  2003        10-14            0.000103        0.000152        0.000128
  2003        15-19            0.000236        0.000546        0.000395
  2003        20-24            0.000271        0.000783        0.000530
  2003        25-29            0.000289        0.000782        0.000538
  2003        30-34            0.000401        0.000884        0.000647
  2003        35-39            0.000663        0.001303        0.000991
  2003        40-44            0.001158        0.002223        0.001700
  2003        45-49            0.001958        0.003876        0.002926
  2003        50-54            0.003043        0.005926        0.004482
  2003        55-59            0.004494        0.009065        0.006768
  2003        60-64            0.006426        0.013775        0.010028
  2003        65-69            0.010347        0.021970        0.015861
  2003        70-74            0.019018        0.036858        0.026950
  2003        75-79            0.034417        0.057658        0.042953
  2003        80-84            0.065640        0.097805        0.075030
  2003        85-89            0.130892        0.173743        0.141263
  2003        90-94            0.218391        0.271918        0.229100
  2003        95-99            0.348945        0.404883        0.357858
  2003       100-104           0.504639        0.592896        0.514906
  2003       105-109           0.675407        0.900563        0.693963
  2003       110+              1.502504        0.000000        1.001112
  2004           0             0.003756        0.004508        0.004142
  2004         1-4             0.000200        0.000216        0.000208
  2004         5-9             0.000086        0.000106        0.000096
  2004        10-14            0.000085        0.000123        0.000104
  2004        15-19            0.000231        0.000497        0.000367
  2004        20-24            0.000272        0.000712        0.000495
  2004        25-29            0.000276        0.000704        0.000492
  2004        30-34            0.000369        0.000839        0.000608
  2004        35-39            0.000603        0.001237        0.000927
  2004        40-44            0.001047        0.002148        0.001608
  2004        45-49            0.001943        0.003624        0.002793
  2004        50-54            0.002896        0.005775        0.004329
  2004        55-59            0.004389        0.008533        0.006450
  2004        60-64            0.006277        0.013343        0.009742
  2004        65-69            0.009858        0.020644        0.014984
  2004        70-74            0.017634        0.034254        0.025076
  2004        75-79            0.032387        0.054875        0.041023
  2004        80-84            0.063229        0.094242        0.072312
  2004        85-89            0.116625        0.153766        0.125769
  2004        90-94            0.204764        0.253731        0.214589
  2004        95-99            0.324082        0.383084        0.333434
  2004       100-104           0.470296        0.514678        0.475585
  2004       105-109           0.683631        0.621712        0.679145
  2004       110+              1.382488        4.000000        2.208202
  2005           0             0.003398        0.004307        0.003864
  2005         1-4             0.000186        0.000227        0.000207
  2005         5-9             0.000100        0.000115        0.000108
  2005        10-14            0.000113        0.000129        0.000121
  2005        15-19            0.000198        0.000444        0.000324
  2005        20-24            0.000236        0.000661        0.000451
  2005        25-29            0.000251        0.000692        0.000473
  2005        30-34            0.000377        0.000813        0.000597
  2005        35-39            0.000598        0.001146        0.000877
  2005        40-44            0.001077        0.002010        0.001552
  2005        45-49            0.001872        0.003537        0.002715
  2005        50-54            0.002893        0.005765        0.004322
  2005        55-59            0.004317        0.008501        0.006396
  2005        60-64            0.006444        0.013143        0.009728
  2005        65-69            0.009567        0.019985        0.014528
  2005        70-74            0.017054        0.032897        0.024202
  2005        75-79            0.031808        0.054568        0.040865
  2005        80-84            0.062449        0.092686        0.071462
  2005        85-89            0.114604        0.152397        0.124104
  2005        90-94            0.212372        0.259045        0.221759
  2005        95-99            0.332878        0.399197        0.343309
  2005       100-104           0.470667        0.549279        0.480208
  2005       105-109           0.623733        0.457559        0.609182
  2005       110+              1.445004              .        1.445004
  2006           0             0.003485        0.004105        0.003803
  2006         1-4             0.000163        0.000206        0.000185
  2006         5-9             0.000072        0.000108        0.000090
  2006        10-14            0.000097        0.000116        0.000107
  2006        15-19            0.000198        0.000435        0.000319
  2006        20-24            0.000232        0.000618        0.000427
  2006        25-29            0.000251        0.000630        0.000442
  2006        30-34            0.000357        0.000756        0.000558
  2006        35-39            0.000585        0.001123        0.000858
  2006        40-44            0.001015        0.001936        0.001484
  2006        45-49            0.001815        0.003371        0.002603
  2006        50-54            0.002835        0.005618        0.004222
  2006        55-59            0.004193        0.008368        0.006264
  2006        60-64            0.006357        0.012877        0.009552
  2006        65-69            0.009137        0.019186        0.013931
  2006        70-74            0.016360        0.031420        0.023197
  2006        75-79            0.031040        0.052723        0.039896
  2006        80-84            0.060776        0.088983        0.069472
  2006        85-89            0.110104        0.145176        0.119036
  2006        90-94            0.208251        0.256065        0.217899
  2006        95-99            0.321706        0.382885        0.331304
  2006       100-104           0.467610        0.523758        0.474365
  2006       105-109           0.622996        0.570252        0.618433
  2006       110+              0.787330              .        0.787330
  2007           0             0.003460        0.004369        0.003927
  2007         1-4             0.000182        0.000210        0.000196
  2007         5-9             0.000070        0.000112        0.000091
  2007        10-14            0.000086        0.000109        0.000098
  2007        15-19            0.000189        0.000421        0.000308
  2007        20-24            0.000226        0.000628        0.000430
  2007        25-29            0.000259        0.000651        0.000456
  2007        30-34            0.000359        0.000758        0.000560
  2007        35-39            0.000571        0.001062        0.000820
  2007        40-44            0.000954        0.001816        0.001393
  2007        45-49            0.001734        0.003311        0.002532
  2007        50-54            0.002819        0.005467        0.004141
  2007        55-59            0.004239        0.008251        0.006225
  2007        60-64            0.006257        0.012736        0.009432
  2007        65-69            0.009200        0.018971        0.013869
  2007        70-74            0.015663        0.030276        0.022328
  2007        75-79            0.030292        0.052376        0.039470
  2007        80-84            0.059234        0.086887        0.068135
  2007        85-89            0.109486        0.146067        0.118893
  2007        90-94            0.211227        0.259264        0.220964
  2007        95-99            0.324559        0.384982        0.334133
  2007       100-104           0.467389        0.539407        0.475975
  2007       105-109           0.689337        0.642099        0.685046
  2007       110+              1.307519              .        1.307519
  2008           0             0.003084        0.003913        0.003509
  2008         1-4             0.000187        0.000200        0.000194
  2008         5-9             0.000076        0.000097        0.000087
  2008        10-14            0.000094        0.000113        0.000103
  2008        15-19            0.000178        0.000411        0.000297
  2008        20-24            0.000222        0.000584        0.000406
  2008        25-29            0.000267        0.000632        0.000450
  2008        30-34            0.000328        0.000775        0.000552
  2008        35-39            0.000565        0.001052        0.000811
  2008        40-44            0.000950        0.001752        0.001358
  2008        45-49            0.001746        0.003164        0.002463
  2008        50-54            0.002793        0.005380        0.004087
  2008        55-59            0.004189        0.008228        0.006183
  2008        60-64            0.006463        0.012664        0.009501
  2008        65-69            0.009323        0.018675        0.013797
  2008        70-74            0.015574        0.029515        0.021957
  2008        75-79            0.030253        0.051890        0.039341
  2008        80-84            0.059363        0.086226        0.068457
  2008        85-89            0.113987        0.148653        0.122949
  2008        90-94            0.217269        0.260973        0.226222
  2008        95-99            0.332652        0.391399        0.342083
  2008       100-104           0.498396        0.575384        0.507456
  2008       105-109           0.641935        0.825505        0.657819
  2008       110+              1.967867              .        1.967867
  2009           0             0.003040        0.003887        0.003474
  2009         1-4             0.000162        0.000222        0.000193
  2009         5-9             0.000082        0.000091        0.000087
  2009        10-14            0.000097        0.000108        0.000102
  2009        15-19            0.000193        0.000383        0.000290
  2009        20-24            0.000235        0.000552        0.000396
  2009        25-29            0.000261        0.000641        0.000452
  2009        30-34            0.000361        0.000764        0.000563
  2009        35-39            0.000550        0.001050        0.000802
  2009        40-44            0.000943        0.001701        0.001327
  2009        45-49            0.001692        0.003081        0.002395
  2009        50-54            0.002746        0.005307        0.004031
  2009        55-59            0.004157        0.008350        0.006222
  2009        60-64            0.006252        0.012296        0.009213
  2009        65-69            0.009425        0.018693        0.013863
  2009        70-74            0.015150        0.028957        0.021492
  2009        75-79            0.029620        0.050168        0.038333
  2009        80-84            0.059255        0.086137        0.068802
  2009        85-89            0.117120        0.152326        0.126276
  2009        90-94            0.204491        0.246046        0.213226
  2009        95-99            0.332480        0.397749        0.343040
  2009       100-104           0.492414        0.595377        0.504393
  2009       105-109           0.674380        0.657260        0.672915
  2009       110+              0.604489              .        0.604489
  2010           0             0.003157        0.003780        0.003477
  2010         1-4             0.000167        0.000187        0.000177
  2010         5-9             0.000082        0.000094        0.000088
  2010        10-14            0.000075        0.000109        0.000092
  2010        15-19            0.000186        0.000359        0.000274
  2010        20-24            0.000226        0.000532        0.000382
  2010        25-29            0.000260        0.000650        0.000457
  2010        30-34            0.000340        0.000758        0.000550
  2010        35-39            0.000546        0.001076        0.000812
  2010        40-44            0.000939        0.001678        0.001313
  2010        45-49            0.001622        0.002936        0.002287
  2010        50-54            0.002755        0.005199        0.003982
  2010        55-59            0.004063        0.008274        0.006136
  2010        60-64            0.006251        0.012176        0.009153
  2010        65-69            0.009347        0.018626        0.013792
  2010        70-74            0.014807        0.028275        0.021012
  2010        75-79            0.028968        0.048558        0.037363
  2010        80-84            0.057519        0.084179        0.067351
  2010        85-89            0.113500        0.146902        0.122384
  2010        90-94            0.199657        0.240638        0.208517
  2010        95-99            0.336846        0.392363        0.345848
  2010       100-104           0.494530        0.568050        0.502985
  2010       105-109           0.714549        0.793177        0.721571
  2010       110+              1.125000              .        1.125000
  2011           0             0.003250        0.003927        0.003597
  2011         1-4             0.000156        0.000183        0.000170
  2011         5-9             0.000086        0.000090        0.000088
  2011        10-14            0.000087        0.000114        0.000101
  2011        15-19            0.000161        0.000347        0.000256
  2011        20-24            0.000207        0.000578        0.000396
  2011        25-29            0.000254        0.000582        0.000420
  2011        30-34            0.000351        0.000743        0.000548
  2011        35-39            0.000530        0.000975        0.000753
  2011        40-44            0.000911        0.001603        0.001261
  2011        45-49            0.001602        0.002782        0.002199
  2011        50-54            0.002693        0.005001        0.003852
  2011        55-59            0.004153        0.008112        0.006105
  2011        60-64            0.006347        0.011981        0.009102
  2011        65-69            0.009432        0.018324        0.013693
  2011        70-74            0.014441        0.026987        0.020238
  2011        75-79            0.027220        0.046353        0.035491
  2011        80-84            0.055272        0.081420        0.065181
  2011        85-89            0.109368        0.141619        0.118295
  2011        90-94            0.190672        0.231475        0.199649
  2011        95-99            0.334846        0.382676        0.342680
  2011       100-104           0.483682        0.543132        0.490635
  2011       105-109           0.636234        0.802392        0.650624
  2011       110+              1.068547        6.000000        1.107062
  2012           0             0.003069        0.003536        0.003309
  2012         1-4             0.000138        0.000173        0.000156
  2012         5-9             0.000077        0.000093        0.000085
  2012        10-14            0.000060        0.000108        0.000085
  2012        15-19            0.000160        0.000341        0.000253
  2012        20-24            0.000196        0.000505        0.000353
  2012        25-29            0.000234        0.000553        0.000396
  2012        30-34            0.000317        0.000689        0.000504
  2012        35-39            0.000512        0.000937        0.000726
  2012        40-44            0.000883        0.001571        0.001230
  2012        45-49            0.001530        0.002711        0.002128
  2012        50-54            0.002620        0.004800        0.003716
  2012        55-59            0.004024        0.007916        0.005948
  2012        60-64            0.006187        0.012039        0.009043
  2012        65-69            0.009381        0.017993        0.013510
  2012        70-74            0.014459        0.026963        0.020250
  2012        75-79            0.026745        0.044822        0.034613
  2012        80-84            0.055707        0.082703        0.066124
  2012        85-89            0.110039        0.140985        0.119039
  2012        90-94            0.196227        0.235653        0.205013
  2012        95-99            0.344651        0.393317        0.352726
  2012       100-104           0.491298        0.515988        0.494307
  2012       105-109           0.679447        0.887822        0.696662
  2012       110+              0.873575              .        0.873575
  2013           0             0.002972        0.003644        0.003317
  2013         1-4             0.000143        0.000176        0.000160
  2013         5-9             0.000077        0.000099        0.000088
  2013        10-14            0.000080        0.000080        0.000080
  2013        15-19            0.000169        0.000315        0.000244
  2013        20-24            0.000199        0.000448        0.000326
  2013        25-29            0.000241        0.000536        0.000392
  2013        30-34            0.000347        0.000696        0.000523
  2013        35-39            0.000533        0.000957        0.000746
  2013        40-44            0.000883        0.001520        0.001204
  2013        45-49            0.001504        0.002674        0.002097
  2013        50-54            0.002608        0.004754        0.003688
  2013        55-59            0.004127        0.007935        0.006016
  2013        60-64            0.006266        0.012120        0.009116
  2013        65-69            0.009711        0.018183        0.013776
  2013        70-74            0.014701        0.027334        0.020563
  2013        75-79            0.026702        0.044515        0.034499
  2013        80-84            0.055922        0.082761        0.066404
  2013        85-89            0.111318        0.142116        0.120780
  2013        90-94            0.201938        0.240835        0.210680
  2013        95-99            0.347214        0.398650        0.355882
  2013       100-104           0.492007        0.581016        0.503264
  2013       105-109           0.647590        0.854004        0.663641
  2013       110+              0.992758        6.000000        1.044951
  2014           0             0.002991        0.003532        0.003268
  2014         1-4             0.000144        0.000152        0.000148
  2014         5-9             0.000055        0.000086        0.000071
  2014        10-14            0.000071        0.000098        0.000085
  2014        15-19            0.000152        0.000302        0.000229
  2014        20-24            0.000188        0.000457        0.000326
  2014        25-29            0.000209        0.000516        0.000367
  2014        30-34            0.000321        0.000685        0.000505
  2014        35-39            0.000498        0.000949        0.000725
  2014        40-44            0.000842        0.001492        0.001170
  2014        45-49            0.001441        0.002554        0.002005
  2014        50-54            0.002522        0.004531        0.003534
  2014        55-59            0.003983        0.007570        0.005768
  2014        60-64            0.006049        0.011997        0.008939
  2014        65-69            0.009253        0.017170        0.013055
  2014        70-74            0.014280        0.026528        0.019974
  2014        75-79            0.025269        0.042204        0.032718
  2014        80-84            0.051761        0.076698        0.061628
  2014        85-89            0.103995        0.134511        0.113851
  2014        90-94            0.193556        0.234271        0.202774
  2014        95-99            0.300684        0.354255        0.310019
  2014       100-104           0.479160        0.520971        0.484521
  2014       105-109           0.610714        0.504267        0.601867
  2014       110+              0.615440              .        0.615440
  2015           0             0.003125        0.003464        0.003299
  2015         1-4             0.000149        0.000179        0.000164
  2015         5-9             0.000062        0.000080        0.000071
  2015        10-14            0.000088        0.000086        0.000087
  2015        15-19            0.000174        0.000299        0.000239
  2015        20-24            0.000191        0.000469        0.000335
  2015        25-29            0.000236        0.000537        0.000391
  2015        30-34            0.000357        0.000722        0.000543
  2015        35-39            0.000508        0.000977        0.000745
  2015        40-44            0.000848        0.001537        0.001196
  2015        45-49            0.001458        0.002576        0.002024
  2015        50-54            0.002488        0.004499        0.003502
  2015        55-59            0.004026        0.007735        0.005875
  2015        60-64            0.006300        0.012312        0.009221
  2015        65-69            0.009565        0.017857        0.013548
  2015        70-74            0.015103        0.027614        0.020925
  2015        75-79            0.025733        0.043113        0.033410
  2015        80-84            0.053299        0.078523        0.063421
  2015        85-89            0.109162        0.141419        0.119977
  2015        90-94            0.205473        0.244319        0.214505
  2015        95-99            0.325610        0.368274        0.333329
  2015       100-104           0.517176        0.571231        0.524170
  2015       105-109           0.728683        0.593767        0.715270
  2015       110+              0.989739              .        0.989739
  2016           0             0.003231        0.003809        0.003527
  2016         1-4             0.000138        0.000175        0.000157
  2016         5-9             0.000073        0.000101        0.000087
  2016        10-14            0.000084        0.000093        0.000089
  2016        15-19            0.000161        0.000306        0.000237
  2016        20-24            0.000168        0.000451        0.000316
  2016        25-29            0.000218        0.000488        0.000359
  2016        30-34            0.000348        0.000680        0.000518
  2016        35-39            0.000499        0.000981        0.000743
  2016        40-44            0.000854        0.001527        0.001194
  2016        45-49            0.001471        0.002517        0.002000
  2016        50-54            0.002398        0.004345        0.003381
  2016        55-59            0.004036        0.007527        0.005778
  2016        60-64            0.006213        0.012044        0.009051
  2016        65-69            0.009529        0.017946        0.013566
  2016        70-74            0.015123        0.027114        0.020707
  2016        75-79            0.024504        0.041862        0.032197
  2016        80-84            0.049980        0.073967        0.059720
  2016        85-89            0.103284        0.137016        0.114896
  2016        90-94            0.192621        0.230730        0.201902
  2016        95-99            0.303568        0.360197        0.313981
  2016       100-104           0.484162        0.528283        0.489877
  2016       105-109           0.615282        0.616718        0.615436
  2016       110+              1.359879        0.000000        1.252129
  2017           0             0.002973        0.003495        0.003241
  2017         1-4             0.000139        0.000152        0.000146
  2017         5-9             0.000073        0.000074        0.000073
  2017        10-14            0.000081        0.000084        0.000082
  2017        15-19            0.000150        0.000282        0.000219
  2017        20-24            0.000188        0.000418        0.000308
  2017        25-29            0.000216        0.000461        0.000343
  2017        30-34            0.000345        0.000679        0.000516
  2017        35-39            0.000498        0.000965        0.000734
  2017        40-44            0.000795        0.001423        0.001111
  2017        45-49            0.001413        0.002422        0.001923
  2017        50-54            0.002352        0.004182        0.003276
  2017        55-59            0.003879        0.007236        0.005555
  2017        60-64            0.006218        0.011827        0.008956
  2017        65-69            0.009458        0.017930        0.013513
  2017        70-74            0.015354        0.026943        0.020758
  2017        75-79            0.024798        0.041997        0.032441
  2017        80-84            0.049623        0.073153        0.059264
  2017        85-89            0.104270        0.138815        0.116369
  2017        90-94            0.199260        0.236585        0.208869
  2017        95-99            0.318453        0.366318        0.327346
  2017       100-104           0.497374        0.541830        0.503235
  2017       105-109           0.652656        0.835636        0.671450
  2017       110+              0.809469        3.383459        1.048534
