Republic of Korea, Death rates (period 5x1), 	Last modified: 15 Nov 2019;  Methods Protocol: v6 (2017)

  Year          Age             Female            Male           Total
  2003           0             0.004846        0.005998        0.005447
  2003         1-4             0.000323        0.000368        0.000346
  2003         5-9             0.000162        0.000223        0.000194
  2003        10-14            0.000124        0.000181        0.000155
  2003        15-19            0.000261        0.000506        0.000388
  2003        20-24            0.000347        0.000694        0.000525
  2003        25-29            0.000435        0.000889        0.000666
  2003        30-34            0.000551        0.001174        0.000869
  2003        35-39            0.000762        0.001847        0.001317
  2003        40-44            0.001138        0.003131        0.002154
  2003        45-49            0.001638        0.004793        0.003240
  2003        50-54            0.002411        0.007231        0.004835
  2003        55-59            0.003651        0.009890        0.006714
  2003        60-64            0.005948        0.016107        0.010721
  2003        65-69            0.010885        0.025685        0.017374
  2003        70-74            0.020848        0.041380        0.028689
  2003        75-79            0.040542        0.067679        0.049944
  2003        80-84            0.075922        0.109910        0.086675
  2003        85-89            0.131934        0.176042        0.143332
  2003        90-94            0.215131        0.258449        0.224422
  2003        95-99            0.302494        0.315781        0.304650
  2003       100-104           0.475790        0.590235        0.488865
  2003       105-109           0.690459        1.520000        0.727992
  2003       110+              1.792869              .        1.792869
  2004           0             0.004570        0.005094        0.004842
  2004         1-4             0.000303        0.000356        0.000331
  2004         5-9             0.000154        0.000227        0.000192
  2004        10-14            0.000125        0.000176        0.000152
  2004        15-19            0.000207        0.000434        0.000326
  2004        20-24            0.000304        0.000591        0.000452
  2004        25-29            0.000380        0.000746        0.000567
  2004        30-34            0.000500        0.000960        0.000734
  2004        35-39            0.000752        0.001696        0.001232
  2004        40-44            0.001125        0.002912        0.002037
  2004        45-49            0.001584        0.004637        0.003134
  2004        50-54            0.002291        0.006943        0.004631
  2004        55-59            0.003343        0.009808        0.006538
  2004        60-64            0.005657        0.015532        0.010307
  2004        65-69            0.010171        0.024911        0.016701
  2004        70-74            0.019458        0.040322        0.027569
  2004        75-79            0.038223        0.065858        0.047759
  2004        80-84            0.072826        0.108507        0.084109
  2004        85-89            0.129873        0.168581        0.140153
  2004        90-94            0.208554        0.250648        0.217475
  2004        95-99            0.310126        0.350257        0.317059
  2004       100-104           0.488220        0.370388        0.473931
  2004       105-109           0.734251        0.632061        0.729066
  2004       110+              2.190231              .        2.190231
  2005           0             0.004122        0.004391        0.004261
  2005         1-4             0.000248        0.000332        0.000292
  2005         5-9             0.000151        0.000204        0.000179
  2005        10-14            0.000129        0.000164        0.000148
  2005        15-19            0.000222        0.000406        0.000318
  2005        20-24            0.000389        0.000584        0.000490
  2005        25-29            0.000442        0.000737        0.000593
  2005        30-34            0.000552        0.001002        0.000781
  2005        35-39            0.000750        0.001521        0.001142
  2005        40-44            0.001046        0.002651        0.001866
  2005        45-49            0.001558        0.004327        0.002962
  2005        50-54            0.002218        0.006410        0.004324
  2005        55-59            0.003220        0.009049        0.006111
  2005        60-64            0.005449        0.014655        0.009801
  2005        65-69            0.009453        0.023605        0.015777
  2005        70-74            0.018174        0.038224        0.026136
  2005        75-79            0.036720        0.064129        0.046142
  2005        80-84            0.070546        0.105943        0.081695
  2005        85-89            0.125131        0.170729        0.137513
  2005        90-94            0.204549        0.250154        0.214132
  2005        95-99            0.304366        0.316363        0.306568
  2005       100-104           0.463754        0.453926        0.462443
  2005       105-109           0.666799        0.806557        0.676902
  2005       110+              2.500000              .        2.500000
  2006           0             0.003730        0.004421        0.004088
  2006         1-4             0.000272        0.000291        0.000282
  2006         5-9             0.000140        0.000173        0.000157
  2006        10-14            0.000112        0.000174        0.000145
  2006        15-19            0.000208        0.000389        0.000303
  2006        20-24            0.000315        0.000511        0.000416
  2006        25-29            0.000373        0.000685        0.000533
  2006        30-34            0.000471        0.000846        0.000663
  2006        35-39            0.000671        0.001377        0.001030
  2006        40-44            0.000964        0.002437        0.001720
  2006        45-49            0.001410        0.004069        0.002758
  2006        50-54            0.002131        0.006118        0.004131
  2006        55-59            0.003097        0.008893        0.005974
  2006        60-64            0.004896        0.013361        0.008925
  2006        65-69            0.008878        0.022488        0.015006
  2006        70-74            0.016902        0.036605        0.024890
  2006        75-79            0.034169        0.062292        0.043851
  2006        80-84            0.068579        0.103958        0.079648
  2006        85-89            0.121464        0.162918        0.132865
  2006        90-94            0.203990        0.240770        0.211719
  2006        95-99            0.292506        0.335293        0.300585
  2006       100-104           0.423004        0.428862        0.423823
  2006       105-109           0.557316        0.771429        0.575013
  2006       110+              2.092308              .        2.092308
  2007           0             0.003585        0.004078        0.003839
  2007         1-4             0.000247        0.000297        0.000273
  2007         5-9             0.000126        0.000161        0.000144
  2007        10-14            0.000108        0.000159        0.000135
  2007        15-19            0.000208        0.000437        0.000329
  2007        20-24            0.000411        0.000547        0.000482
  2007        25-29            0.000472        0.000736        0.000607
  2007        30-34            0.000585        0.000871        0.000730
  2007        35-39            0.000701        0.001286        0.000998
  2007        40-44            0.000969        0.002392        0.001699
  2007        45-49            0.001443        0.003827        0.002652
  2007        50-54            0.001945        0.005667        0.003816
  2007        55-59            0.002915        0.008546        0.005712
  2007        60-64            0.004746        0.012562        0.008492
  2007        65-69            0.008345        0.021108        0.014136
  2007        70-74            0.016172        0.034697        0.023810
  2007        75-79            0.032804        0.060154        0.042326
  2007        80-84            0.063943        0.101544        0.075647
  2007        85-89            0.115262        0.160433        0.127732
  2007        90-94            0.197490        0.248242        0.208248
  2007        95-99            0.297990        0.332408        0.304455
  2007       100-104           0.433991        0.473068        0.439570
  2007       105-109           0.574522        0.789359        0.594163
  2007       110+              2.201835              .        2.201835
  2008           0             0.003285        0.003529        0.003411
  2008         1-4             0.000212        0.000280        0.000247
  2008         5-9             0.000124        0.000144        0.000134
  2008        10-14            0.000111        0.000137        0.000125
  2008        15-19            0.000199        0.000387        0.000299
  2008        20-24            0.000368        0.000573        0.000475
  2008        25-29            0.000481        0.000745        0.000616
  2008        30-34            0.000558        0.000813        0.000688
  2008        35-39            0.000683        0.001332        0.001014
  2008        40-44            0.000971        0.002253        0.001625
  2008        45-49            0.001387        0.003725        0.002574
  2008        50-54            0.001938        0.005491        0.003729
  2008        55-59            0.002810        0.008235        0.005506
  2008        60-64            0.004349        0.011712        0.007905
  2008        65-69            0.007665        0.019925        0.013260
  2008        70-74            0.014980        0.034086        0.022970
  2008        75-79            0.029777        0.056393        0.039213
  2008        80-84            0.058732        0.097294        0.070686
  2008        85-89            0.109805        0.161029        0.123883
  2008        90-94            0.186186        0.232878        0.196292
  2008        95-99            0.289856        0.329907        0.297235
  2008       100-104           0.406715        0.384340        0.403416
  2008       105-109           0.546609        0.555409        0.547541
  2008       110+              1.465517              .        1.465517
  2009           0             0.003132        0.003380        0.003260
  2009         1-4             0.000227        0.000214        0.000220
  2009         5-9             0.000105        0.000173        0.000141
  2009        10-14            0.000110        0.000150        0.000131
  2009        15-19            0.000225        0.000387        0.000311
  2009        20-24            0.000381        0.000572        0.000481
  2009        25-29            0.000522        0.000744        0.000636
  2009        30-34            0.000620        0.000937        0.000782
  2009        35-39            0.000735        0.001336        0.001041
  2009        40-44            0.000949        0.002261        0.001616
  2009        45-49            0.001347        0.003636        0.002511
  2009        50-54            0.001890        0.005564        0.003742
  2009        55-59            0.002689        0.007702        0.005181
  2009        60-64            0.004201        0.011436        0.007721
  2009        65-69            0.007295        0.018697        0.012519
  2009        70-74            0.014064        0.031900        0.021615
  2009        75-79            0.028211        0.053399        0.037324
  2009        80-84            0.055182        0.092140        0.066619
  2009        85-89            0.101428        0.148310        0.114249
  2009        90-94            0.175436        0.225142        0.186501
  2009        95-99            0.271173        0.332654        0.282172
  2009       100-104           0.428710        0.314282        0.409827
  2009       105-109           0.618777        0.345836        0.582036
  2009       110+              1.700405              .        1.700405
  2010           0             0.002971        0.003995        0.003499
  2010         1-4             0.000194        0.000224        0.000209
  2010         5-9             0.000083        0.000132        0.000108
  2010        10-14            0.000104        0.000147        0.000127
  2010        15-19            0.000200        0.000378        0.000295
  2010        20-24            0.000334        0.000557        0.000451
  2010        25-29            0.000474        0.000751        0.000616
  2010        30-34            0.000536        0.000900        0.000722
  2010        35-39            0.000715        0.001288        0.001008
  2010        40-44            0.000918        0.002191        0.001565
  2010        45-49            0.001368        0.003550        0.002480
  2010        50-54            0.001856        0.005278        0.003579
  2010        55-59            0.002532        0.007703        0.005102
  2010        60-64            0.004029        0.011120        0.007494
  2010        65-69            0.007255        0.018151        0.012276
  2010        70-74            0.013534        0.031397        0.021175
  2010        75-79            0.027376        0.053361        0.037007
  2010        80-84            0.054940        0.090718        0.065984
  2010        85-89            0.101721        0.151571        0.115253
  2010        90-94            0.177230        0.229510        0.189080
  2010        95-99            0.274536        0.316667        0.281905
  2010       100-104           0.410426        0.488839        0.424082
  2010       105-109           0.584662        0.785142        0.614112
  2010       110+              1.419355              .        1.419355
  2011           0             0.002777        0.003467        0.003132
  2011         1-4             0.000195        0.000222        0.000209
  2011         5-9             0.000084        0.000114        0.000100
  2011        10-14            0.000106        0.000144        0.000126
  2011        15-19            0.000183        0.000371        0.000283
  2011        20-24            0.000306        0.000519        0.000418
  2011        25-29            0.000434        0.000756        0.000600
  2011        30-34            0.000545        0.000849        0.000700
  2011        35-39            0.000653        0.001237        0.000950
  2011        40-44            0.000911        0.002000        0.001464
  2011        45-49            0.001268        0.003320        0.002317
  2011        50-54            0.001744        0.005204        0.003486
  2011        55-59            0.002468        0.007353        0.004894
  2011        60-64            0.003916        0.010854        0.007310
  2011        65-69            0.006782        0.017014        0.011536
  2011        70-74            0.012586        0.030059        0.020130
  2011        75-79            0.025660        0.050884        0.035224
  2011        80-84            0.052838        0.088598        0.063898
  2011        85-89            0.101782        0.147940        0.114193
  2011        90-94            0.172038        0.227230        0.184622
  2011        95-99            0.256703        0.316238        0.266940
  2011       100-104           0.392085        0.495990        0.409196
  2011       105-109           0.539879        0.824345        0.576783
  2011       110+              0.954887              .        0.954887
  2012           0             0.002830        0.003333        0.003089
  2012         1-4             0.000168        0.000232        0.000201
  2012         5-9             0.000109        0.000120        0.000115
  2012        10-14            0.000077        0.000134        0.000107
  2012        15-19            0.000181        0.000326        0.000258
  2012        20-24            0.000262        0.000499        0.000387
  2012        25-29            0.000363        0.000653        0.000512
  2012        30-34            0.000516        0.000829        0.000676
  2012        35-39            0.000596        0.001210        0.000908
  2012        40-44            0.000881        0.001872        0.001384
  2012        45-49            0.001253        0.003241        0.002269
  2012        50-54            0.001716        0.004905        0.003322
  2012        55-59            0.002312        0.007033        0.004661
  2012        60-64            0.003604        0.010479        0.006970
  2012        65-69            0.006292        0.016211        0.010940
  2012        70-74            0.012562        0.029154        0.019798
  2012        75-79            0.025411        0.051201        0.035370
  2012        80-84            0.053071        0.089037        0.064356
  2012        85-89            0.102530        0.151850        0.115704
  2012        90-94            0.177469        0.229139        0.189240
  2012        95-99            0.286681        0.322558        0.292847
  2012       100-104           0.442050        0.498080        0.450823
  2012       105-109           0.685221        0.807388        0.699949
  2012       110+              1.454545              .        1.454545
  2013           0             0.002803        0.003054        0.002932
  2013         1-4             0.000166        0.000200        0.000183
  2013         5-9             0.000082        0.000133        0.000108
  2013        10-14            0.000070        0.000117        0.000095
  2013        15-19            0.000157        0.000306        0.000236
  2013        20-24            0.000244        0.000469        0.000363
  2013        25-29            0.000352        0.000613        0.000487
  2013        30-34            0.000485        0.000822        0.000657
  2013        35-39            0.000627        0.001176        0.000906
  2013        40-44            0.000865        0.001869        0.001376
  2013        45-49            0.001212        0.003046        0.002144
  2013        50-54            0.001746        0.004733        0.003253
  2013        55-59            0.002278        0.006804        0.004536
  2013        60-64            0.003557        0.009970        0.006698
  2013        65-69            0.005899        0.014863        0.010138
  2013        70-74            0.011782        0.027215        0.018566
  2013        75-79            0.024166        0.048538        0.033729
  2013        80-84            0.049355        0.083399        0.060267
  2013        85-89            0.095248        0.141909        0.107668
  2013        90-94            0.167470        0.217140        0.178771
  2013        95-99            0.265977        0.302653        0.272458
  2013       100-104           0.411049        0.427332        0.413529
  2013       105-109           0.682619        0.607109        0.672755
  2013       110+              2.446721              .        2.446721
  2014           0             0.002888        0.003325        0.003112
  2014         1-4             0.000149        0.000158        0.000154
  2014         5-9             0.000082        0.000095        0.000088
  2014        10-14            0.000074        0.000100        0.000087
  2014        15-19            0.000187        0.000324        0.000259
  2014        20-24            0.000219        0.000427        0.000329
  2014        25-29            0.000325        0.000589        0.000462
  2014        30-34            0.000466        0.000791        0.000632
  2014        35-39            0.000623        0.001131        0.000882
  2014        40-44            0.000829        0.001751        0.001298
  2014        45-49            0.001177        0.002873        0.002036
  2014        50-54            0.001653        0.004621        0.003153
  2014        55-59            0.002247        0.006551        0.004396
  2014        60-64            0.003330        0.009392        0.006303
  2014        65-69            0.005527        0.014316        0.009719
  2014        70-74            0.011038        0.025681        0.017513
  2014        75-79            0.022475        0.046241        0.031936
  2014        80-84            0.047516        0.080503        0.058342
  2014        85-89            0.090649        0.136297        0.102828
  2014        90-94            0.162513        0.202664        0.171659
  2014        95-99            0.252493        0.301202        0.261401
  2014       100-104           0.421033        0.450538        0.425467
  2014       105-109           0.504514        0.669052        0.527235
  2014       110+              1.148248              .        1.148248
  2015           0             0.002593        0.003015        0.002810
  2015         1-4             0.000131        0.000176        0.000154
  2015         5-9             0.000072        0.000106        0.000090
  2015        10-14            0.000066        0.000105        0.000086
  2015        15-19            0.000151        0.000261        0.000209
  2015        20-24            0.000223        0.000424        0.000330
  2015        25-29            0.000328        0.000604        0.000472
  2015        30-34            0.000486        0.000724        0.000608
  2015        35-39            0.000588        0.001004        0.000800
  2015        40-44            0.000834        0.001662        0.001256
  2015        45-49            0.001151        0.002773        0.001972
  2015        50-54            0.001533        0.004344        0.002956
  2015        55-59            0.002126        0.006200        0.004159
  2015        60-64            0.003222        0.009191        0.006150
  2015        65-69            0.005277        0.013952        0.009434
  2015        70-74            0.010899        0.024825        0.017104
  2015        75-79            0.022297        0.045169        0.031520
  2015        80-84            0.045809        0.078074        0.056689
  2015        85-89            0.092137        0.135859        0.103805
  2015        90-94            0.165264        0.217158        0.177017
  2015        95-99            0.261348        0.299513        0.268506
  2015       100-104           0.394478        0.439930        0.401193
  2015       105-109           0.483449        0.628862        0.502561
  2015       110+              0.777168              .        0.777168
  2016           0             0.002556        0.003048        0.002808
  2016         1-4             0.000134        0.000170        0.000152
  2016         5-9             0.000072        0.000102        0.000087
  2016        10-14            0.000067        0.000093        0.000081
  2016        15-19            0.000153        0.000291        0.000225
  2016        20-24            0.000228        0.000401        0.000320
  2016        25-29            0.000299        0.000561        0.000436
  2016        30-34            0.000451        0.000722        0.000590
  2016        35-39            0.000576        0.000965        0.000774
  2016        40-44            0.000802        0.001625        0.001221
  2016        45-49            0.001090        0.002565        0.001836
  2016        50-54            0.001560        0.004115        0.002859
  2016        55-59            0.002173        0.006023        0.004095
  2016        60-64            0.003202        0.008936        0.006013
  2016        65-69            0.005267        0.013676        0.009302
  2016        70-74            0.010216        0.023625        0.016252
  2016        75-79            0.021171        0.043011        0.030088
  2016        80-84            0.044547        0.077035        0.055788
  2016        85-89            0.090383        0.130723        0.101206
  2016        90-94            0.161705        0.213956        0.173376
  2016        95-99            0.243900        0.297184        0.253969
  2016       100-104           0.378400        0.424711        0.385097
  2016       105-109           0.537113        0.602070        0.545481
  2016       110+              0.944606              .        0.944606
  2017           0             0.002407        0.003009        0.002716
  2017         1-4             0.000141        0.000153        0.000147
  2017         5-9             0.000066        0.000110        0.000089
  2017        10-14            0.000073        0.000095        0.000084
  2017        15-19            0.000139        0.000268        0.000206
  2017        20-24            0.000205        0.000405        0.000311
  2017        25-29            0.000279        0.000560        0.000427
  2017        30-34            0.000423        0.000664        0.000547
  2017        35-39            0.000547        0.000968        0.000761
  2017        40-44            0.000787        0.001484        0.001140
  2017        45-49            0.001060        0.002461        0.001769
  2017        50-54            0.001469        0.003973        0.002743
  2017        55-59            0.001927        0.005857        0.003890
  2017        60-64            0.002887        0.008365        0.005580
  2017        65-69            0.004912        0.013035        0.008816
  2017        70-74            0.009622        0.021865        0.015194
  2017        75-79            0.020029        0.040821        0.028632
  2017        80-84            0.043203        0.075198        0.054510
  2017        85-89            0.088847        0.129923        0.100104
  2017        90-94            0.162640        0.209536        0.173038
  2017        95-99            0.253792        0.295502        0.261671
  2017       100-104           0.423424        0.448701        0.427091
  2017       105-109           0.656616        0.716905        0.664422
  2017       110+              1.571096              .        1.571096
  2018           0             0.002468        0.003138        0.002812
  2018         1-4             0.000132        0.000128        0.000130
  2018         5-9             0.000066        0.000085        0.000076
  2018        10-14            0.000091        0.000098        0.000095
  2018        15-19            0.000171        0.000258        0.000216
  2018        20-24            0.000256        0.000402        0.000333
  2018        25-29            0.000289        0.000525        0.000413
  2018        30-34            0.000440        0.000710        0.000579
  2018        35-39            0.000577        0.000996        0.000791
  2018        40-44            0.000773        0.001496        0.001140
  2018        45-49            0.001083        0.002459        0.001781
  2018        50-54            0.001500        0.003869        0.002698
  2018        55-59            0.002024        0.005773        0.003901
  2018        60-64            0.002877        0.008330        0.005567
  2018        65-69            0.004790        0.012907        0.008696
  2018        70-74            0.008807        0.020771        0.014313
  2018        75-79            0.019792        0.040603        0.028494
  2018        80-84            0.042752        0.075284        0.054463
  2018        85-89            0.088467        0.129795        0.100100
  2018        90-94            0.163435        0.209101        0.173558
  2018        95-99            0.261644        0.316383        0.271966
  2018       100-104           0.395599        0.413480        0.398283
  2018       105-109           0.553279        0.697777        0.571146
  2018       110+              1.804822              .        1.804822
